selection sort
step 0: [54, 12, 28, 17, 22, 7]
step 1: [7, 12, 28, 17, 22, 54]
step 2: [7, 12, 28, 17, 22, 54]
step 3: [7, 12, 17, 28, 22, 54]
step 4: [7, 12, 17, 22, 28, 54]
step 5: [7, 12, 17, 22, 28, 54]
step 6: [7, 12, 17, 22, 28, 54]
bubble sort
step 0: [54, 12, 28, 17, 22, 7]
step 1: [12, 28, 17, 22, 7, 54]
step 2: [12, 17, 22, 7, 28, 54]
step 3: [12, 17, 7, 22, 28, 54]
step 4: [12, 7, 17, 22, 28, 54]
step 5: [7, 12, 17, 22, 28, 54]
step 6: [7, 12, 17, 22, 28, 54]
insertion sort
step 0: [54, 12, 28, 17, 22, 7]
step 2: [12, 54, 28, 17, 22, 7]
step 3: [12, 28, 54, 17, 22, 7]
step 4: [12, 17, 28, 54, 22, 7]
step 5: [12, 17, 22, 28, 54, 7]
step 6: [7, 12, 17, 22, 28, 54]
